9.999893903724035304e-01 2.782207171563648353e-03 -3.671303022517106562e-03 -1.407999999999999963e-03 -2.785040744241943592e-03 9.999958276744512764e-01 -7.669300763114019447e-04 -2.099999999999999884e-05 3.669153946287307278e-03 7.771466679710684750e-04 9.999929666514534299e-01 4.341899999999999926e-02
9.999757111073388494e-01 3.248060020150668557e-03 -6.166628047602022537e-03 -3.190000000000000127e-03 -3.248060020150668557e-03 9.999947249889906686e-01 1.001491063582267500e-05 4.119999999999999856e-04 6.166628047602022537e-03 1.001491063582267500e-05 9.999809861183481807e-01 8.735800000000000509e-02
9.999665319918497053e-01 2.406758795022102132e-03 -7.819361118122487853e-03 -5.512999999999999672e-03 -2.377352555579537348e-03 9.999900758267290524e-01 3.767816725804513499e-03 -6.080000000000000335e-04 7.828351743470744056e-03 -3.749101246346457899e-03 9.999623298648930847e-01 1.309120000000000006e-01
9.999972283838756137e-01 -4.977969294060492789e-07 -2.354405300518466835e-03 -2.620000000000000258e-04 -4.977969294060492789e-07 9.999999105930360566e-01 -4.228636566458415357e-04 -3.209999999999999963e-04 2.354405300518466835e-03 4.228636566458415357e-04 9.999971389769116703e-01 5.252600000000000324e-02
9.999845027926834717e-01 -3.367258688518921274e-03 -4.433479829018066587e-03 -2.779999999999999811e-04 3.363207326102622338e-03 9.999939203257959264e-01 -9.209494706548281614e-04 -7.110000000000000434e-04 4.436553950011865380e-03 9.060244866688715003e-04 9.999897480017874152e-01 1.055460000000000009e-01
9.999777972690323535e-01 -3.473052900917228316e-03 -5.687079436886430077e-03 -1.463000000000000108e-03 3.466688028664157307e-03 9.999933540819471167e-01 -1.128656745695338394e-03 -3.739999999999999835e-04 5.690961525607308134e-03 1.108916356231342756e-03 9.999831914894514728e-01 1.577820000000000056e-01
9.999996721744505157e-01 4.219957431570523767e-04 -6.910648192363066369e-04 -8.429999999999999993e-04 -4.237314567133847751e-04 9.999967515465250090e-01 -2.513433518135898583e-03 -4.809999999999999823e-04 6.900019160990315771e-04 2.513725520070712698e-03 9.999966025349114052e-01 5.648100000000000342e-02
9.999867379660969391e-01 4.829139305315403689e-03 -1.789778057356312957e-03 -2.047999999999999907e-03 -4.838272440950038868e-03 9.999751150600114658e-01 -5.134236116892372005e-03 -3.289999999999999739e-04 1.764939577401908061e-03 5.142827460329246932e-03 9.999852180477476482e-01 1.136680000000000051e-01
9.999805986862557727e-01 5.667509875080670514e-03 -2.584875798422044992e-03 -2.932000000000000144e-03 -5.679037945016143091e-03 9.999738633611058303e-01 -4.474496919592739312e-03 -1.113000000000000057e-03 2.559448982978905496e-03 4.489089716216546934e-03 9.999866485580811704e-01 1.721719999999999917e-01
9.999994337558079094e-01 -8.802614478151404593e-04 -5.980199386816840122e-04 -5.950000000000000427e-04 8.802614478151404593e-04 9.999996125697820926e-01 -2.632070230428544009e-07 -6.279999999999999775e-04 5.980199386816840122e-04 -2.632070230428544009e-07 9.999998211860258168e-01 5.946499999999999703e-02
9.999975264069467240e-01 -8.809662273503569190e-04 -2.042321839060788451e-03 -9.779999999999999197e-04 8.795557238606991008e-04 9.999993741511815637e-01 -6.914325518662157739e-04 -1.198999999999999979e-03 2.042929689602763534e-03 6.896345056799470848e-04 9.999976754185641026e-01 1.187099999999999961e-01
9.999930262564653560e-01 -1.956180449525293363e-03 -3.181319928110017820e-03 -9.990000000000001049e-04 1.950061168551459143e-03 9.999962449072290482e-01 -1.925469521977645317e-03 -1.773000000000000053e-03 3.185074547793603425e-03 1.919252325790469236e-03 9.999930858614147766e-01 1.779270000000000018e-01
9.999973475931980271e-01 -7.283078072639980307e-04 2.185034166017057935e-03 -9.770000000000000039e-04 7.365323847836512594e-04 9.999926388259532395e-01 -3.765609373364143479e-03 2.349999999999999930e-04 -2.182275558894536133e-03 3.767208733861357722e-03 9.999905228609622387e-01 5.712699999999999723e-02
9.999887943262633083e-01 -3.261124915846199887e-03 3.431659392990981435e-03 -1.044999999999999922e-03 3.271607372407180775e-03 9.999899864184891296e-01 -3.053464909056799546e-03 -2.010000000000000068e-04 -3.421667299295344782e-03 3.064657735094962043e-03 9.999894499772783441e-01 1.141110000000000041e-01
9.999883472913170257e-01 -3.262849571241747005e-03 3.557962093073800854e-03 -1.810000000000000085e-04 3.251607970695106434e-03 9.999897181984525041e-01 3.160782021032763640e-03 -2.472999999999999938e-03 -3.568238667075761435e-03 -3.149176091459392635e-03 9.999886751172534227e-01 1.711640000000000106e-01
9.999602734983562558e-01 -8.363633992861543506e-03 3.082377576822372713e-03 -1.427000000000000100e-03 8.345051102006765045e-03 9.999472200802512756e-01 5.993094015818916515e-03 -1.998000000000000210e-03 -3.132338934014351241e-03 -5.967133332765382422e-03 9.999772906284379870e-01 2.297639999999999960e-01
9.998940527419084567e-01 -1.437025012648601892e-02 2.319310816586941069e-03 -1.030000000000000100e-03 1.435876837769547130e-02 9.998849332307663262e-01 4.893472057920946090e-03 -2.664000000000000135e-03 -2.389364358443722344e-03 -4.859651161162606252e-03 9.999853372567791832e-01 2.876259999999999928e-01
9.998555481329399752e-01 -1.698976115952574237e-02 4.805034031401875911e-04 -1.213000000000000102e-03 1.698931511917460904e-02 9.998552501096790168e-01 9.176055213455470766e-04 -3.127000000000000005e-03 -4.960237489716071233e-04 -9.093095477829797471e-04 9.999994635581495039e-01 3.461980000000000057e-01
9.999240636776051128e-01 -1.225942786475780859e-02 1.254315308667998050e-03 -3.269999999999999903e-03 1.226612510420826453e-02 9.999097585626525175e-01 -5.478768666928722497e-03 -2.210999999999999858e-03 -1.187035548191748852e-03 5.493738217881148633e-03 9.999842047687557134e-01 4.009150000000000214e-01
9.999357759882849805e-01 -1.133326247541159744e-02 3.256331971676282300e-05 -5.470000000000000036e-03 1.133326247541159744e-02 9.999192655000320729e-01 -5.746272142861128494e-03 -3.689000000000000005e-03 3.256331971676282300e-05 5.746272142861128494e-03 9.999834895117470923e-01 4.603829999999999867e-01
9.999358356043093199e-01 -1.132115294659312953e-02 -3.951838453121436475e-04 -4.238999999999999713e-03 1.131908560188807540e-02 9.999239742803950337e-01 -4.891212573281175820e-03 -3.900999999999999954e-03 4.505279668123431201e-04 4.886425611808644341e-03 9.999879598621631560e-01 5.166269999999999474e-01
9.999591112105842283e-01 -8.499003728048881365e-03 -3.089149165879152663e-03 -3.850999999999999823e-03 8.492721444075151602e-03 9.999618530244871462e-01 -2.041121825702594313e-03 -3.778000000000000108e-03 3.106378826187614767e-03 2.014803083337082367e-03 9.999931454660694330e-01 5.750779999999999781e-01
9.999716877920624691e-01 -7.139483205597587853e-03 -2.377266045455349829e-03 -7.028000000000000393e-03 7.137946145140364185e-03 9.999743103967679847e-01 -6.544244321632482425e-04 -5.249000000000000193e-03 2.381877226676627247e-03 6.374371069575143810e-04 9.999969601627854976e-01 6.339310000000000223e-01
9.999689459792415747e-01 -6.531450449309390317e-03 -4.409901608075144849e-03 -6.117000000000000041e-03 6.543073356076356713e-03 9.999751448621537753e-01 2.626375634138231746e-03 -6.487999999999999844e-03 4.392637957047140773e-03 -2.655148384329484440e-03 9.999868273726587597e-01 6.944479999999999542e-01
9.999999105930270638e-01 2.440563349340324495e-04 -3.453265748346917487e-04 -1.550000000000000000e-04 -2.442249223419137535e-04 9.999998509883680775e-01 -4.882391104239759108e-04 -9.539999999999999869e-04 3.452073655291537559e-04 4.883234041279166035e-04 9.999998211860479103e-01 5.709299999999999792e-02
9.999999105930303944e-01 4.228636038343635260e-04 -5.511415962916632121e-07 -7.039999999999999817e-04 -4.228636038343635260e-04 9.999965131279275887e-01 -2.606706419819597356e-03 -1.448999999999999984e-03 -5.511415962916632121e-07 2.606706419819597356e-03 9.999966025348971943e-01 1.140950000000000020e-01
9.999966025350467413e-01 2.377475137960868411e-03 -1.068892104938332435e-03 -8.030000000000000028e-04 -2.381688558549613106e-03 9.999893307676875898e-01 -3.958018494434959768e-03 -2.690000000000000117e-03 1.059470610114039441e-03 3.960550815302496704e-03 9.999915957443170633e-01 1.707760000000000111e-01
9.999986290931439648e-01 1.335229643986975785e-03 -9.792719900568913789e-04 -3.570000000000000040e-04 -1.339190550593297819e-03 9.999908804903543391e-01 -4.055305758517081978e-03 -9.950000000000000077e-04 9.738482951123291365e-04 4.056611630866158690e-03 9.999912977229223898e-01 5.809799999999999687e-02
9.999970495694030514e-01 2.125331620947498983e-03 -1.176357934423874485e-03 -9.879999999999999460e-04 -2.131388756335264503e-03 9.999843537774947277e-01 -5.171980488730462851e-03 -1.781000000000000031e-03 1.165347355190264091e-03 5.174472505235839549e-03 9.999859333009811779e-01 1.157439999999999997e-01
9.999994039535192725e-01 6.897610362421592286e-04 -8.463582686495935278e-04 -1.082999999999999978e-03 -6.913061653608675071e-04 9.999980926511391477e-01 -1.826688224473678717e-03 -2.654000000000000109e-03 8.450966759865095402e-04 1.827272228371812791e-03 9.999979734418523725e-01 1.728709999999999969e-01
9.999971687791722186e-01 -2.099238632184038857e-03 -1.120549331737448039e-03 -6.570000000000000319e-04 2.101111204982751817e-03 9.999963939187478390e-01 1.672567249740797291e-03 -3.563999999999999894e-03 1.117034173159928926e-03 -1.674916913090213500e-03 9.999979734419416344e-01 2.310260000000000091e-01
9.999951422210343610e-01 -3.048715261827066557e-03 -6.487446227106478383e-04 -1.325999999999999922e-03 3.049905863723549604e-03 9.999936521048981009e-01 1.842233462553603254e-03 -4.405000000000000061e-03 6.431240592746993159e-04 -1.844203123419503555e-03 9.999980926513230006e-01 2.874470000000000081e-01
9.999832808963552422e-01 -5.767019980707583683e-03 -4.235661733358099014e-04 -2.232000000000000043e-03 5.767123218975769676e-03 9.999833405009950216e-01 2.429202506335152560e-04 -4.845999999999999613e-03 4.221581909964447401e-04 -2.453589475376851867e-04 9.999998807907172216e-01 3.459999999999999742e-01
9.999866783626877309e-01 -5.161692644431710095e-03 5.118890472050914705e-06 -4.539999999999999765e-03 5.161692644431710095e-03 9.999847114092982325e-01 -1.983400289152183714e-03 -6.329000000000000424e-03 5.118890472050914705e-06 1.983400289152183714e-03 9.999980330466105016e-01 4.051779999999999826e-01
9.999867081640305688e-01 -4.866130917758366460e-03 -1.704190469753152134e-03 -4.102999999999999876e-03 4.862767081410332946e-03 9.999862313266539848e-01 -1.972473935884548439e-03 -6.394999999999999643e-03 1.713765321715134907e-03 1.964160636767769974e-03 9.999966025349361631e-01 4.619079999999999853e-01
9.999680817109233288e-01 -7.613445706741820383e-03 -2.423015444976587846e-03 -4.547999999999999959e-03 7.617359695317986977e-03 9.999696910366746572e-01 1.610229576622877181e-03 -7.013000000000000136e-03 2.410682610433321441e-03 -1.628635161041468377e-03 9.999957680694773199e-01 5.182689999999999797e-01
9.999584853590887112e-01 -8.630938236377951392e-03 -2.921380412921350655e-03 -4.308000000000000197e-03 8.652812412989501281e-03 9.999339878488476829e-01 7.559681345544002652e-03 -8.463000000000000037e-03 2.855940423535870392e-03 -7.584645664787528947e-03 9.999671578379145664e-01 5.744920000000000027e-01
9.999763667554811830e-01 -6.521678711520286637e-03 -2.175692370500985698e-03 -6.106999999999999582e-03 6.543589806231058306e-03 9.999263584546120853e-01 1.022052347711669903e-02 -9.757000000000000048e-03 2.108877178771228177e-03 -1.023451877140335933e-02 9.999454021408181736e-01 6.239109999999999934e-01
9.999924004076589101e-01 -3.333136647792181873e-03 -2.022208450072158527e-03 -7.394000000000000399e-03 3.343972241568151944e-03 9.999799430355055252e-01 5.378789487872008557e-03 -1.047099999999999941e-02 2.004239650346289515e-03 -5.385510820188317907e-03 9.999834895120167655e-01 6.777619999999999756e-01
9.999751448602101078e-01 5.995232773446219042e-03 -3.710370034642480452e-03 -3.800000000000000209e-05 -6.004884310375082669e-03 9.999786019293115391e-01 -2.595582385225862852e-03 -1.155999999999999910e-03 3.694729519300112789e-03 2.617798214469552100e-03 9.999897480005919270e-01 5.942499999999999866e-02
9.999650120704461909e-01 6.674605197223771290e-03 -5.042249538996166659e-03 -2.689999999999999791e-04 -6.723965944092189125e-03 9.999290108632272744e-01 -9.836743163799710130e-03 -1.905000000000000009e-03 4.976235217009148358e-03 9.870302910704681007e-03 9.999389052354727969e-01 8.772399999999999642e-02
9.999555051274376938e-01 6.592901687559792057e-03 -6.746955807558068820e-03 -3.229999999999999907e-04 -6.698197995735517829e-03 9.998542368135412417e-01 -1.570475309009715728e-02 -2.631000000000000092e-03 6.642432456630252037e-03 1.574924675497729396e-02 9.998539089875629893e-01 1.148900000000000060e-01
9.999440610435409438e-01 7.398438200407992521e-03 -7.558961300725140428e-03 -3.060000000000000111e-04 -7.523399484758842501e-03 9.998332560205829278e-01 -1.663906894847984666e-02 -3.396000000000000147e-03 7.434597766109942232e-03 1.669500726188160797e-02 9.998329877977530922e-01 1.415470000000000061e-01
9.999207556318568946e-01 9.705519084039208877e-03 -8.017814909670708395e-03 -1.431999999999999896e-03 -9.812689275166652791e-03 9.998615682178129127e-01 -1.343709530385339516e-02 -3.883000000000000167e-03 7.886291004357913470e-03 1.351470681610075948e-02 9.998775720626348340e-01 1.674509999999999887e-01
9.999078214223152683e-01 9.780062663409992696e-03 -9.418016393005613704e-03 -1.776999999999999934e-03 -9.884247541278992633e-03 9.998897612165476012e-01 -1.108003000257683224e-02 -4.963000000000000397e-03 9.308614774598251637e-03 1.117209866654678141e-02 9.998942613608515773e-01 1.925000000000000044e-01
9.999170601330532593e-01 6.943021050056081417e-03 -1.084745654844183893e-02 -1.783000000000000080e-03 -7.098126867344440802e-03 9.998721778274896055e-01 -1.432636037128318454e-02 -5.771000000000000088e-03 1.074660178135109639e-02 1.440216876762900541e-02 9.998385310063528930e-01 2.166619999999999935e-01
9.999481439553962181e-01 -5.242707250969426327e-04 -1.017027730030312972e-02 -2.132999999999999913e-03 3.214041969925149258e-04 9.998011588964811347e-01 -1.993838931798230796e-02 -6.313000000000000035e-03 1.017870814496664965e-02 1.993408662216761273e-02 9.997494816658019090e-01 2.404489999999999961e-01
9.999451935260095237e-01 -4.234609589196761982e-03 -9.574864273632846187e-03 -1.773000000000000053e-03 3.993293522310211764e-03 9.996773898325079788e-01 -2.508325865011546210e-02 -6.880999999999999964e-03 9.677993132673897228e-03 2.504364868167175892e-02 9.996395110786853166e-01 2.634810000000000207e-01
9.999780356905675349e-01 -1.873007846013897710e-03 -6.357670803283774728e-03 -2.164000000000000125e-03 1.714816424796044778e-03 9.996910393441083009e-01 -2.479688004015636812e-02 -7.957999999999999796e-03 6.402151284014326836e-03 2.478543315549329093e-02 9.996722936854013364e-01 2.859720000000000040e-01
9.999948739997684966e-01 2.873783560235396682e-03 -1.411857725114797719e-03 -2.866000000000000058e-03 -2.903301284754353402e-03 9.997674226558891375e-01 -2.136987219546858732e-02 -9.095000000000000653e-03 1.350116971595158874e-03 2.137386170184598158e-02 9.997706413073517151e-01 3.076079999999999925e-01
9.999941587444985958e-01 1.065621836265924233e-03 3.247603267731716085e-03 -2.877999999999999916e-03 -1.005889887604854462e-03 9.998313188376458660e-01 -1.833908549812999361e-02 -9.745000000000000190e-03 -3.266597988201605171e-03 1.833571164355997374e-02 9.998265504656833613e-01 3.288039999999999852e-01
9.999475777142343702e-01 -2.892612311614159958e-03 9.822149329449690255e-03 -2.246000000000000166e-03 3.027265949317531173e-03 9.999012649020366794e-01 -1.372210290659429607e-02 -1.072999999999999995e-02 -9.781486814764586354e-03 1.375111782080857409e-02 9.998576044989460065e-01 3.489539999999999864e-01
9.998147189751520614e-01 -7.144985878032288767e-03 1.787391667879189780e-02 -1.265999999999999981e-03 7.338891339048672982e-03 9.999146759544400576e-01 -1.080654823895461913e-02 -1.099699999999999983e-02 -1.779517896935325569e-02 1.093572072293070088e-02 9.997818470134965940e-01 3.692540000000000266e-01
9.995765984261422155e-01 -3.748001347354317121e-03 2.885439939979989737e-02 -7.680000000000000195e-04 4.063554643253118777e-03 9.999324977428218908e-01 -1.088519551789464586e-02 -1.158999999999999961e-02 -2.881165393524361129e-02 1.099783813763995609e-02 9.995243549578038955e-01 3.888909999999999867e-01
9.990310668394017934e-01 1.491296718732266656e-03 4.398526484885117993e-02 8.500000000000000611e-05 -9.978167715452713592e-04 9.999363422260699741e-01 -1.123903275368533933e-02 -1.218799999999999918e-02 -4.399922557747247553e-02 1.118425364719019890e-02 9.989689587864770681e-01 4.079209999999999781e-01
9.979919492228749300e-01 6.898973269765970931e-03 6.296406478420592256e-02 7.140000000000000079e-04 -6.214390588799311582e-03 9.999195039227176673e-01 -1.106196296124578420e-02 -1.224599999999999994e-02 -6.303531261076182612e-02 1.064846668629740485e-02 9.979544877003632131e-01 4.266940000000000177e-01
9.963699577382677530e-01 4.973871514718883335e-03 8.498333906594533749e-02 2.648000000000000180e-03 -4.126514772856113705e-03 9.999400377196407952e-01 -1.014361084982479816e-02 -1.294700000000000017e-02 -8.502869628820473868e-02 9.756104109651105721e-03 9.963307378778042400e-01 4.449569999999999914e-01
9.937317371192350146e-01 1.624194178200855793e-03 1.117792316812876996e-01 4.978999999999999919e-03 -6.624351530997796625e-04 9.999624490716789715e-01 -8.640695934794903263e-03 -1.348300000000000019e-02 -1.117890684354039543e-01 8.512487288750683959e-03 9.936954974933233098e-01 4.625170000000000115e-01
9.899880893269871196e-01 5.335286166100233676e-04 1.411499144098805336e-01 8.319000000000000006e-03 5.335286166100233676e-04 9.999715685852542668e-01 -7.521792895407906042e-03 -1.363900000000000008e-02 -1.411499144098805336e-01 7.521792895407906042e-03 9.899596579122413864e-01 4.796940000000000093e-01
9.847752450101688870e-01 7.693758192028795620e-05 1.738324218774227325e-01 1.218900000000000018e-02 9.194368967217251241e-04 9.999836087226211534e-01 -5.651276128156840391e-03 -1.415899999999999971e-02 -1.738300073374983434e-01 5.725064776246370328e-03 9.847590325467205918e-01 4.965030000000000276e-01
9.775812035895319330e-01 -9.938255572018302956e-04 2.105564121540925426e-01 1.641499999999999904e-02 1.959572270031560183e-03 9.999884963030086782e-01 -4.378051868825256522e-03 -1.486799999999999927e-02 -2.105496389570895577e-01 4.692501721838090133e-03 9.775719052645844842e-01 5.121299999999999741e-01
9.681167318769969832e-01 -9.488364805222567443e-04 2.504976909457169998e-01 2.134300000000000086e-02 1.833673681157463407e-03 9.999928772451189829e-01 -3.298954358495541622e-03 -1.542800000000000074e-02 -2.504927765438232368e-01 3.653103935235956379e-03 9.681115760753016275e-01 5.269279999999999520e-01
9.556027049035199505e-01 -8.259301761821705255e-04 2.946570688451580766e-01 2.749199999999999908e-02 1.636033360208903132e-03 9.999955296520108838e-01 -2.502812585598259646e-03 -1.586900000000000116e-02 -2.946536844770830665e-01 2.873763271116319597e-03 9.555997842762110617e-01 5.434620000000000006e-01
9.399863162563006913e-01 3.485989563092014632e-04 3.412119630518213875e-01 3.358799999999999980e-02 8.294978484303361897e-04 9.999941885463718982e-01 -3.306781940584331298e-03 -1.671999999999999875e-02 -3.412111328550540557e-01 3.391364364202904391e-03 9.399805644073284672e-01 5.566809999999999814e-01
9.200077329489941835e-01 1.079700955511364970e-03 3.918987184973930504e-01 4.063300000000000245e-02 1.079700955511364970e-03 9.999854266643976031e-01 -5.289679070547032881e-03 -1.726700000000000110e-02 -3.918987184973930504e-01 5.289679070547032881e-03 9.199931596133916756e-01 5.697050000000000169e-01
8.949821576351798535e-01 1.824926312715564316e-03 4.460982034918222761e-01 4.813900000000000123e-02 1.349640496618836590e-03 9.999759793284610510e-01 -6.798473109097292154e-03 -1.740500000000000033e-02 -4.460998946258651898e-01 6.686584332706117621e-03 8.949581965682830154e-01 5.826670000000000460e-01
8.653368422389535741e-01 2.285114685877561759e-03 5.011855222517791475e-01 5.639099999999999668e-02 1.230688821088069245e-03 9.999769031974028444e-01 -6.684196044216417741e-03 -1.811600000000000016e-02 -5.011892206232511082e-01 6.400884517334791239e-03 8.653140434596295893e-01 5.948609999999999731e-01
8.309851277771374001e-01 1.480249332536879864e-03 5.562926624315011059e-01 6.578199999999999326e-02 2.801664333322650881e-03 9.999726414672817087e-01 -6.845947261745151391e-03 -1.879899999999999974e-02 -5.562875767893599166e-01 7.247425671280272735e-03 8.309582460815713167e-01 6.066679999999999851e-01
7.919332971187692527e-01 3.386231789819860519e-04 6.106075157160594236e-01 7.552000000000000379e-02 5.668737494089784792e-03 9.999526739113190343e-01 -7.906665088792855234e-03 -1.913099999999999870e-02 -6.105812954306889528e-01 9.722925071494234461e-03 7.918938984474093168e-01 6.173170000000000046e-01
7.499740026547283556e-01 3.305109413097658162e-04 6.614672222450356243e-01 8.640699999999999770e-02 7.376662105748367504e-03 9.999335110222919987e-01 -8.863317144810674633e-03 -1.919300000000000173e-02 -6.614261713889338923e-01 1.152667762842152742e-02 7.499216995824480314e-01 6.275030000000000330e-01
7.047536713264969110e-01 -1.150778696830293858e-03 7.094511529768732228e-01 9.772699999999999443e-02 8.294453323470840633e-03 9.999437034156752890e-01 -6.617555697446351332e-03 -1.954399999999999887e-02 -7.094035979580937124e-01 1.054825614663213937e-02 7.047235411821974882e-01 6.370940000000000492e-01
6.599900237638862688e-01 -2.322056279706178217e-03 7.512707744793343245e-01 1.105509999999999965e-01 7.009025950561161358e-03 9.999707341196363286e-01 -3.066669114853252942e-03 -1.991400000000000114e-02 -7.512416669004517988e-01 7.289647376211809762e-03 6.599869839275326333e-01 6.446769999999999445e-01
6.118563136730328367e-01 -3.236372780286601337e-03 7.909623109287030607e-01 1.237219999999999986e-01 9.692903248590428733e-03 9.999472200884023110e-01 -3.406561916320461573e-03 -1.942299999999999929e-02 -7.909095391035948497e-01 9.751047569532197978e-03 6.118553897991223511e-01 6.524189999999999712e-01
5.625310742059205227e-01 -3.712606982332615664e-03 8.267678072482793628e-01 1.384420000000000095e-01 1.730639318343084668e-02 9.998236894503186312e-01 -7.285517753283441734e-03 -1.777799999999999866e-02 -8.265949910976437831e-01 1.840669887154252823e-02 5.624961458791861713e-01 6.609540000000000415e-01
5.127287361312293790e-01 -3.649747580917166861e-03 8.585429066085561445e-01 1.523500000000000132e-01 2.415583202463629856e-02 9.996564090710952089e-01 -1.017642286271660222e-02 -1.700199999999999975e-02 -8.582107776790441900e-01 2.595656267071691503e-02 5.126407298780026878e-01 6.674649999999999750e-01
4.642719871480090466e-01 -5.247566496397739269e-03 8.856771336076735279e-01 1.662639999999999951e-01 2.627109673085765290e-02 9.996240436719744382e-01 -7.848617040513303222e-03 -1.739299999999999874e-02 -8.853029715448813564e-01 2.691160267907876519e-02 4.642353004835442221e-01 6.727459999999999551e-01
4.190715325279621428e-01 -3.491705332376223228e-03 9.079465064741077951e-01 1.789709999999999912e-01 1.791885932439038487e-02 9.998296499323405806e-01 -4.425561736773118808e-03 -1.916899999999999854e-02 -9.077763849677836783e-01 1.812399266290786251e-02 4.190627110406949241e-01 6.739389999999999548e-01
9.997168183168833044e-01 -5.859271692347053050e-03 2.306408700996036634e-02 4.846999999999999746e-03 6.326721232912586347e-03 9.997749924648410280e-01 -2.024690199433612503e-02 7.381999999999999673e-03 -2.294026531687842416e-02 2.038708849155512759e-02 9.995289444783621580e-01 -2.316680000000000128e-01
9.996873139961955923e-01 -4.329135528406707727e-03 2.462788705204839446e-02 2.753999999999999938e-03 4.791595040638258439e-03 9.998127221947830101e-01 -1.874996411794424903e-02 6.015000000000000381e-03 -2.454210365959481194e-02 1.886210812805272710e-02 9.995208382144552539e-01 -1.854179999999999995e-01
9.996815323726108149e-01 -4.353889347599416808e-03 2.485714144260261008e-02 2.818999999999999891e-03 4.714571254209729521e-03 9.998841881679493282e-01 -1.447007496904918755e-02 3.867000000000000211e-03 -2.479126158624589057e-02 1.458265748311277088e-02 9.995862841444416169e-01 -1.404050000000000020e-01
9.997087419216580395e-01 -5.405090129839966451e-03 2.352055114371158495e-02 4.917999999999999629e-03 5.728361046727945688e-03 9.998897612090590359e-01 -1.369858784726833353e-02 4.059000000000000108e-03 -2.344391616462521838e-02 1.382933223186514834e-02 9.996294975464092847e-01 -9.463000000000000578e-02
9.996587931932563453e-01 -6.213767264737258406e-03 2.537097333138789435e-02 3.324999999999999831e-03 6.517734224943045815e-03 9.999077618110391308e-01 -1.191583025270860283e-02 2.580999999999999961e-03 -2.529459096279918634e-02 1.207712575152048232e-02 9.996070861601605850e-01 -4.949400000000000327e-02
9.996701776941988582e-01 -4.580547411300140564e-03 2.526963423284375732e-02 4.010999999999999809e-03 4.759993492135031201e-03 9.999638497853643448e-01 -7.045678419293330622e-03 1.540000000000000028e-04 -2.523644766609813017e-02 7.163637891888114187e-03 9.996558427785786627e-01 -3.631999999999999812e-03
9.996687769849977867e-01 -2.860262387105718274e-03 2.557645832392657290e-02 4.479000000000000342e-03 2.957787830045838836e-03 9.999884963031472340e-01 -3.776076339638782548e-03 -9.650000000000000374e-04 -2.556536353097834183e-02 3.850475353414874093e-03 9.996657371477135623e-01 4.178799999999999876e-02
9.996836781499541802e-01 -1.058355562666857741e-03 2.512814207381419002e-02 5.648000000000000242e-03 1.283150543348492113e-03 9.999592900247153970e-01 -8.931507036907128383e-03 -2.066999999999999827e-03 -2.511766639761590925e-02 8.960924995232870394e-03 9.996443390816395214e-01 8.685099999999999765e-02
9.997007250392530020e-01 -1.314997477700200401e-03 2.442808092391750285e-02 6.911999999999999741e-03 1.772797677298564240e-03 9.998230337805236179e-01 -1.872854266367635773e-02 -3.007000000000000124e-03 -2.439912999242360020e-02 1.876624372492861903e-02 9.995261430058092200e-01 1.318519999999999970e-01
9.997012615066870334e-01 -4.098806837087113361e-04 2.443807970696055751e-02 7.762999999999999935e-03 9.709930090513882927e-04 9.997360706578062306e-01 -2.295313046767738160e-02 -4.238999999999999713e-03 -2.442222173584967723e-02 2.297000268861474834e-02 9.994378090016257099e-01 1.773150000000000004e-01
9.996851682814832385e-01 -4.334363747486170981e-03 2.471391528930557552e-02 8.247000000000000858e-03 4.903009252667928086e-03 9.997235536587886218e-01 -2.299514644683711348e-02 -5.910000000000000323e-03 -2.460741388871953012e-02 2.310907940069683100e-02 9.994300603999068944e-01 2.221329999999999971e-01
9.996466040286506871e-01 -1.158513315734353497e-02 2.392596379903630388e-02 1.053100000000000043e-02 1.221159275425623761e-02 9.995819926110770526e-01 -2.620528668175403988e-02 -7.669999999999999735e-03 -2.361237083374672502e-02 2.648819996517956174e-02 9.993702172899762148e-01 2.670810000000000128e-01
9.996515512820385307e-01 -1.062612783201338784e-02 2.416322467535106724e-02 1.152000000000000073e-02 1.128281159802714886e-02 9.995661974008583917e-01 -2.720505791266937187e-02 -9.190999999999999517e-03 -2.386365818262590685e-02 2.746820745673042227e-02 9.993377924392016221e-01 3.123799999999999910e-01
9.995676875107588621e-01 -1.699032988882646575e-02 2.399514064686163531e-02 1.331099999999999992e-02 1.752014203727234390e-02 9.996034502777808584e-01 -2.204510865815235629e-02 -1.062199999999999950e-02 -2.361107171196647966e-02 2.245597655469010537e-02 9.994689822148496994e-01 3.574579999999999980e-01
9.995342791271890626e-01 -1.849082759119840755e-02 2.427579338936694878e-02 1.424800000000000025e-02 1.886598512129624219e-02 9.997046887892760969e-01 -1.531697810077818807e-02 -1.190800000000000018e-02 -2.398540087415019714e-02 1.576783142125972453e-02 9.995879531272758856e-01 4.023880000000000234e-01
9.995563626213592734e-01 -1.633803791739111763e-02 2.490274001325203795e-02 1.511599999999999923e-02 1.660145577815127713e-02 9.998080134191196233e-01 -1.040807229795781032e-02 -1.334699999999999949e-02 -2.472791154149135695e-02 1.081687662513164221e-02 9.996356964268897638e-01 4.469469999999999832e-01
9.995662570211838460e-01 -1.431551015354560162e-02 2.573643319701375901e-02 1.575800000000000117e-02 1.450217853905549047e-02 9.998697638549736144e-01 -7.081111933904753186e-03 -1.466399999999999995e-02 -2.563171165337924454e-02 7.451274900502779033e-03 9.996436834492954393e-01 4.916920000000000179e-01
9.995876848483339350e-01 -9.802845497478259243e-03 2.698822928056500772e-02 1.628800000000000039e-02 9.944806387633705128e-03 9.999373853106667820e-01 -5.130914536381381459e-03 -1.558200000000000036e-02 -2.693624185851203542e-02 5.397191697516414387e-03 9.996225833765061131e-01 5.356140000000000345e-01
9.996048808089558202e-01 -5.940524695753808711e-03 2.747348593193646438e-02 1.769300000000000039e-02 6.117878322575486492e-03 9.999609589557468814e-01 -6.375902221125343862e-03 -1.660700000000000023e-02 -2.743453713375409997e-02 6.541462423826132667e-03 9.996021985978293944e-01 5.807440000000000380e-01
9.995139539324238154e-01 -1.966046828902332996e-03 3.111254657271260438e-02 1.540700000000000056e-02 2.373271219612936057e-03 9.999119341451297993e-01 -1.305724082123250855e-02 -1.704200000000000159e-02 -3.108413547279069433e-02 1.312473291202783700e-02 9.994305968439715082e-01 6.233009999999999939e-01
9.994722604572708891e-01 1.866094666819199683e-03 3.243020609135374016e-02 1.560899999999999961e-02 -1.259882019487161380e-03 9.998242854853164330e-01 -1.870323103299286610e-02 -1.789400000000000018e-02 -3.245940963311225863e-02 1.865250236485720137e-02 9.992989897332023030e-01 6.668739999999999668e-01
