9.999893903724035304e-01 2.782207171563648353e-03 -3.671303022517106562e-03 -1.407999999999999963e-03 -2.785040744241943592e-03 9.999958276744512764e-01 -7.669300763114019447e-04 -2.099999999999999884e-05 3.669153946287307278e-03 7.771466679710684750e-04 9.999929666514534299e-01 4.341899999999999926e-02
9.999758303148980065e-01 3.211149330008791075e-03 -6.166628415160827111e-03 -3.157000000000000084e-03 -3.211149330008791075e-03 9.999948441976831415e-01 9.901102005137242551e-06 4.130000000000000099e-04 6.166628415160827111e-03 9.901102005137242551e-06 9.999809861172148651e-01 8.737799999999999734e-02
9.999666809975807924e-01 2.357142411526084048e-03 -7.815419012068218485e-03 -5.492999999999999619e-03 -2.326239135240465872e-03 9.999894499753008148e-01 3.960877375164514706e-03 -8.480000000000000124e-04 7.824672911252460172e-03 -3.942564869117494951e-03 9.999616146013229345e-01 1.306039999999999979e-01
9.999972283838756137e-01 -4.977969294060492789e-07 -2.354405300518466835e-03 -2.620000000000000258e-04 -4.977969294060492789e-07 9.999999105930360566e-01 -4.228636566458415357e-04 -3.209999999999999963e-04 2.354405300518466835e-03 4.228636566458415357e-04 9.999971389769116703e-01 5.252600000000000324e-02
9.999848306178491519e-01 -3.331829591756029288e-03 -4.386051272281706048e-03 -3.020000000000000223e-04 3.327412811226752518e-03 9.999939501284081933e-01 -1.013918421951071026e-03 -6.390000000000000280e-04 4.389402940636596973e-03 9.993088382409711767e-04 9.999898672104986508e-01 1.055380000000000068e-01
9.999760985372304622e-01 -3.490422527234521635e-03 -5.968191086128816179e-03 -1.211000000000000054e-03 3.483585897691161837e-03 9.999932646750412379e-01 -1.155523191618627746e-03 -3.289999999999999739e-04 5.972184152601201813e-03 1.134704866621719316e-03 9.999815225599486546e-01 1.579679999999999973e-01
9.999996721744505157e-01 4.219957431570523767e-04 -6.910648192363066369e-04 -8.429999999999999993e-04 -4.237314567133847751e-04 9.999967515465250090e-01 -2.513433518135898583e-03 -4.809999999999999823e-04 6.900019160990315771e-04 2.513725520070712698e-03 9.999966025349114052e-01 5.648100000000000342e-02
9.999867677678772049e-01 4.866308685822100244e-03 -1.668331180503961932e-03 -2.160000000000000028e-03 -4.874807731663868479e-03 9.999749660478319813e-01 -5.128696444192131290e-03 -3.119999999999999944e-04 1.643331595527671492e-03 5.136761373827991237e-03 9.999854564661705414e-01 1.136479999999999990e-01
9.999806284891732400e-01 5.889689159024495864e-03 -2.013506396352427851e-03 -3.324000000000000132e-03 -5.899957951330356450e-03 9.999694228148857666e-01 -5.132633966761624908e-03 -6.520000000000000188e-04 1.983215210363340874e-03 5.144414142960381311e-03 9.999848008147699252e-01 1.718000000000000083e-01
9.999994337558079094e-01 -8.802614478151404593e-04 -5.980199386816840122e-04 -5.950000000000000427e-04 8.802614478151404593e-04 9.999996125697820926e-01 -2.632070230428544009e-07 -6.279999999999999775e-04 5.980199386816840122e-04 -2.632070230428544009e-07 9.999998211860258168e-01 5.946499999999999703e-02
9.999972879887479849e-01 -9.141818206876077373e-04 -2.142028652419987640e-03 -8.980000000000000352e-04 9.127980170783992798e-04 9.999993741512358536e-01 -6.469133765196729072e-04 -1.226000000000000093e-03 2.142618708282376973e-03 6.449563825768626826e-04 9.999974966050342307e-01 1.187450000000000033e-01
9.999933838840321387e-01 -1.909843944170276945e-03 -3.095914125352949766e-03 -1.074000000000000085e-03 1.903746472882920969e-03 9.999962449070213255e-01 -1.971274010229005866e-03 -1.770000000000000089e-03 3.099667325638291466e-03 1.965367132455060357e-03 9.999932646745701703e-01 1.778260000000000118e-01
9.999973475931980271e-01 -7.283078072639980307e-04 2.185034166017057935e-03 -9.770000000000000039e-04 7.365323847836512594e-04 9.999926388259532395e-01 -3.765609373364143479e-03 2.349999999999999930e-04 -2.182275558894536133e-03 3.767208733861357722e-03 9.999905228609622387e-01 5.712699999999999723e-02
9.999887943262633083e-01 -3.261124915846199887e-03 3.431659392990981435e-03 -1.044999999999999922e-03 3.271607372407180775e-03 9.999899864184891296e-01 -3.053464909056799546e-03 -2.010000000000000068e-04 -3.421667299295344782e-03 3.064657735094962043e-03 9.999894499772783441e-01 1.141110000000000041e-01
9.999883472913170257e-01 -3.262849571241747005e-03 3.557962093073800854e-03 -1.810000000000000085e-04 3.251607970695106434e-03 9.999897181984525041e-01 3.160782021032763640e-03 -2.472999999999999938e-03 -3.568238667075761435e-03 -3.149176091459392635e-03 9.999886751172534227e-01 1.711640000000000106e-01
9.999602734983562558e-01 -8.363633992861543506e-03 3.082377576822372713e-03 -1.427000000000000100e-03 8.345051102006765045e-03 9.999472200802512756e-01 5.993094015818916515e-03 -1.998000000000000210e-03 -3.132338934014351241e-03 -5.967133332765382422e-03 9.999772906284379870e-01 2.297639999999999960e-01
9.998909234977446658e-01 -1.461065822242429285e-02 2.160965787536159050e-03 -5.150000000000000498e-04 1.459975643713842461e-02 9.998810291273362294e-01 4.977419334880990413e-03 -2.693000000000000081e-03 -2.233432068282252287e-03 -4.945326841222666935e-03 9.999852776534411403e-01 2.870489999999999986e-01
9.998500347319220216e-01 -1.725340698791617139e-02 1.492646603708731043e-03 -1.152000000000000029e-03 1.725126453480004679e-02 9.998501539412516514e-01 1.436501168006334289e-03 -3.233999999999999896e-03 -1.517207475788291378e-03 -1.410535701306029829e-03 9.999978542329531761e-01 3.455079999999999818e-01
9.998967349414754624e-01 -1.435919599344157374e-02 5.770128235299489981e-04 -2.945000000000000135e-03 1.436156147986812279e-02 9.998874962199342242e-01 -4.329024704364751314e-03 -2.446999999999999956e-03 -5.147865932157315695e-04 4.336864472515099267e-03 9.999904632551804839e-01 4.016230000000000078e-01
9.999191462964525101e-01 -1.252543068898590017e-02 -2.194186826364550019e-03 -1.299999999999999940e-03 1.251477578637283372e-02 9.999101459962744798e-01 -4.804198239644094474e-03 -4.093000000000000284e-03 2.254164321960089572e-03 4.776350046258477471e-03 9.999860525144563805e-01 4.594659999999999855e-01
9.999381601878045700e-01 -1.108776554896175048e-02 -8.586357549715639519e-04 -3.792999999999999931e-03 1.108433374986926914e-02 9.999309480259399585e-01 -3.903424812449918929e-03 -5.237999999999999601e-03 9.018567236361292420e-04 3.893666020114922369e-03 9.999920129777906119e-01 5.168399999999999661e-01
9.999525845030353688e-01 -9.081670959564001194e-03 -3.514540977431739738e-03 -3.690000000000000138e-03 9.076658496280750471e-03 9.999577701070115898e-01 -1.439539216170814852e-03 -4.165000000000000299e-03 3.527465980237010947e-03 1.407570671480147442e-03 9.999927878382739443e-01 5.778229999999999755e-01
9.999518692511319973e-01 -8.838028323344836526e-03 -4.260098182284071874e-03 -4.578999999999999737e-03 8.841314696783392560e-03 9.999606311344939602e-01 7.532167927414567003e-04 -5.938999999999999835e-03 4.253273515703823518e-03 -7.908454085219304578e-04 9.999906420701847320e-01 6.363950000000000440e-01
9.999531805440764476e-01 -7.878430484571907408e-03 -5.618456450440825235e-03 -4.479999999999999608e-03 7.898211955056471875e-03 9.999626576833905434e-01 3.507347528172785524e-03 -6.657999999999999856e-03 5.590614250575251347e-03 -3.551559075975616996e-03 9.999780654896542886e-01 6.966189999999999882e-01
9.999402463340707481e-01 -9.132585129531672202e-03 -6.008298445460028697e-03 -4.939999999999999947e-03 9.169463023602015400e-03 9.999391138473086027e-01 6.139181225362857347e-03 -5.958999999999999887e-03 5.951866028117215254e-03 -6.193907257209248923e-03 9.999631047212054202e-01 7.569789999999999575e-01
9.999827444550548616e-01 -3.165181401267710883e-03 -4.948981595593809381e-03 -6.211000000000000375e-03 3.219799036758660537e-03 9.999335706179375283e-01 1.106739560262738620e-02 -9.650999999999999857e-03 4.913622523082667760e-03 -1.108313935485956761e-02 9.999265074672945008e-01 8.142030000000000101e-01
9.999895691864733038e-01 -1.131415419051755951e-03 -4.425089535945679435e-03 -1.195599999999999961e-02 1.158809704204094354e-03 9.999801516535172796e-01 6.193016960909382418e-03 -6.320000000000000097e-03 4.417994830355330242e-03 -6.198080199400520310e-03 9.999710321421920733e-01 8.773450000000000415e-01
9.999998807907051201e-01 -3.452073706793496724e-04 -3.453265799742591229e-04 -7.380000000000000492e-04 3.453265799742591229e-04 9.999998807907051201e-01 3.452073706793496724e-04 -9.380000000000000317e-04 3.452073706793496724e-04 -3.453265799742591229e-04 9.999998807907051201e-01 6.332599999999999341e-02
9.999990463256809292e-01 -1.220494163143634155e-03 -6.463294255919389266e-04 -1.315999999999999896e-03 1.220911395640193438e-03 9.999990463256809292e-01 6.455409302667031906e-04 -1.557999999999999923e-03 6.455409302667031906e-04 -6.463294255919389266e-04 9.999995827675034477e-01 1.255749999999999922e-01
9.999994635581729296e-01 -1.035800185116975266e-03 -1.158846862520523322e-06 -2.935000000000000109e-03 1.035800185116975266e-03 9.999969601626825799e-01 2.237584271210926040e-03 -2.791000000000000078e-03 -1.158846862520523322e-06 -2.237584271210926040e-03 9.999974966045096503e-01 1.882250000000000034e-01
9.999990463257162343e-01 -1.381067579096700642e-03 -0.000000000000000000e+00 -2.840000000000000185e-04 1.381067579096700642e-03 9.999990463257162343e-01 0.000000000000000000e+00 -7.140000000000000079e-04 0.000000000000000000e+00 -0.000000000000000000e+00 1.000000000000000000e+00 5.324199999999999766e-02
9.999922513961437831e-01 -3.936640383719460651e-03 3.187594973640011383e-06 -6.350000000000000392e-04 3.936640383719460651e-03 9.999909400938880033e-01 -1.619442074092982634e-03 -1.335999999999999948e-03 3.187594973640011383e-06 1.619442074092982634e-03 9.999986886977442202e-01 1.062540000000000012e-01
9.999811053265935668e-01 -6.097627101869677185e-03 7.797009238847029322e-04 -1.394999999999999973e-03 6.099567688705995194e-03 9.999782443032884105e-01 -2.511213675433756655e-03 -2.850999999999999802e-03 -7.643715163819666094e-04 2.515922065433686544e-03 9.999965429301971298e-01 1.575149999999999884e-01
9.999990165233831885e-01 -6.433193087976828975e-04 -1.246231332175629005e-03 3.570000000000000040e-04 6.485482364985887095e-04 9.999909698961090276e-01 4.199941835787608831e-03 -3.339999999999999870e-04 1.243518174898438060e-03 -4.200745946375772540e-03 9.999904036519763340e-01 5.738499999999999851e-02
9.999949336046496384e-01 1.073635790497297912e-03 -2.996676696224203924e-03 4.380000000000000213e-04 -1.054719693430247003e-03 9.999795556052741841e-01 6.306816776037989757e-03 -9.070000000000000371e-04 3.003386655197823763e-03 -6.303624169284449165e-03 9.999756216983151091e-01 1.146620000000000000e-01
9.999835491172575086e-01 1.717188829405971772e-03 -5.472911234200844056e-03 6.499999999999999702e-04 -1.700762043470478930e-03 9.999940395351605282e-01 3.004713401167281688e-03 -1.799999999999999951e-03 5.478038273393913589e-03 -2.995355851285032810e-03 9.999805092800555517e-01 1.706320000000000059e-01
9.999575018836668328e-01 4.778683824142225534e-03 -7.884073026380545440e-03 1.119999999999999983e-04 -4.826792310631716418e-03 9.999697804430701664e-01 -6.094282289808764137e-03 -1.874999999999999931e-03 7.854712124988821181e-03 6.132078077351236535e-03 9.999503493253486530e-01 2.249210000000000098e-01
9.999217390870887012e-01 8.699241895624681975e-03 -8.991045072376288583e-03 -5.820000000000000520e-04 -8.803487365974180245e-03 9.998937249047569198e-01 -1.162056394016265301e-02 -3.324999999999999831e-03 8.888999451525839146e-03 1.169880705592172068e-02 9.998920559751532933e-01 2.796549999999999869e-01
9.998418688826078427e-01 1.384944629297456438e-02 -1.115482257644607317e-02 -7.739999999999999485e-04 -1.396823282604551554e-02 9.998458027880319232e-01 -1.064232676031262766e-02 -4.865000000000000401e-03 1.100571220100554984e-02 1.079645703617139636e-02 9.998811483443492687e-01 3.328820000000000112e-01
9.999751448602101078e-01 5.995232773446219042e-03 -3.710370034642480452e-03 -3.800000000000000209e-05 -6.004884310375082669e-03 9.999786019293115391e-01 -2.595582385225862852e-03 -1.155999999999999910e-03 3.694729519300112789e-03 2.617798214469552100e-03 9.999897480005919270e-01 5.942499999999999866e-02
9.999651610833196758e-01 6.705951236722514780e-03 -4.970597310307904582e-03 -3.699999999999999947e-04 -6.754752521866877121e-03 9.999285042258266865e-01 -9.867104695362460126e-03 -1.884999999999999957e-03 4.904073610670363348e-03 9.900336090841090758e-03 9.999389648410095255e-01 8.782199999999999729e-02
9.999563992014753877e-01 6.566413944971383372e-03 -6.639420450824862728e-03 -4.369999999999999970e-04 -6.670762599307469322e-03 9.998526275136663255e-01 -1.581847591777476789e-02 -2.537000000000000192e-03 6.534571322070540679e-03 1.586207621721774999e-02 9.998528361292554623e-01 1.149600000000000066e-01
9.999452531333565819e-01 7.439286605084542182e-03 -7.358515534726609714e-03 -5.240000000000000517e-04 -7.562213274088245944e-03 9.998299181595173835e-01 -1.682104882371854987e-02 -3.236000000000000161e-03 7.232127381663481722e-03 1.687577458785608636e-02 9.998314380762365339e-01 1.415790000000000104e-01
9.999248683421614325e-01 9.770316206282703836e-03 -7.402607117798562855e-03 -1.850000000000000082e-03 -9.869670758141820682e-03 9.998600780861879311e-01 -1.350606710363982249e-02 -3.802999999999999957e-03 7.269612784537608438e-03 1.357811366543199699e-02 9.998813867450736526e-01 1.676209999999999922e-01
9.999142289259105310e-01 9.811009081784449748e-03 -8.676340951044811747e-03 -2.269999999999999882e-03 -9.907807548165323275e-03 9.998883605093826787e-01 -1.118489461046845782e-02 -4.897000000000000311e-03 8.565637226158507797e-03 1.126989878640935819e-02 9.998998046005679319e-01 1.927290000000000114e-01
9.999262392470388283e-01 7.025355689450197075e-03 -9.907595203196194189e-03 -2.469999999999999973e-03 -7.167803569957985690e-03 9.998703896854082007e-01 -1.441618612297984083e-02 -5.706000000000000134e-03 9.805032241465810872e-03 1.448613847050374791e-02 9.998469948621925285e-01 2.168219999999999870e-01
9.999533891632862437e-01 -3.409913944796202087e-04 -9.649001281287688386e-03 -2.400999999999999922e-03 1.472596220307316179e-04 9.997985362871161241e-01 -2.007150100873925785e-02 -6.225999999999999764e-03 9.653901566782207427e-03 2.006914455100148459e-02 9.997519850550584675e-01 2.409799999999999998e-01
9.999508559703906840e-01 -4.189042203795678709e-03 -8.985408699535834057e-03 -2.121000000000000055e-03 3.966141877028541221e-03 9.996874630671604978e-01 -2.468290714149973600e-02 -7.141999999999999911e-03 9.085998167188682681e-03 2.464605671825488911e-02 9.996549487325846473e-01 2.638730000000000242e-01
9.999809265151625715e-01 -1.817076951710094998e-03 -5.902951569226438586e-03 -2.331999999999999872e-03 1.669662185659039283e-03 9.996889829580047904e-01 -2.488271650314204109e-02 -7.846999999999999809e-03 5.946329461344133233e-03 2.487238596800719209e-02 9.996729493100209307e-01 2.864970000000000017e-01
9.999948143961948643e-01 3.147661085815466660e-03 -6.807425421155962513e-04 -3.325999999999999963e-03 -3.161930018510409213e-03 9.997510314144800736e-01 -2.208794658272662456e-02 -8.337000000000000660e-03 6.110476886837630994e-04 2.208998450366557106e-02 9.997557997858026457e-01 3.075129999999999808e-01
9.999913573270146072e-01 1.418663391096839938e-03 3.908025774953307989e-03 -3.226999999999999834e-03 -1.343339063951188780e-03 9.998145699563466549e-01 -1.920992303901726192e-02 -8.925000000000000641e-03 -3.934553524124501968e-03 1.920450721024793625e-02 9.998078346319243526e-01 3.287550000000000194e-01
9.999499320933121771e-01 -2.713064083783825204e-03 9.631852877701421733e-03 -2.626999999999999995e-03 2.853979611215585067e-03 9.998886585168212937e-01 -1.464668460131322153e-02 -9.905999999999999875e-03 -9.591043058977927194e-03 1.467344038420650629e-02 9.998463392143475126e-01 3.496290000000000231e-01
9.997982084933865199e-01 -7.553059787814559237e-03 1.861433805582836040e-02 -2.703000000000000107e-03 7.754941114296396570e-03 9.999116361195065084e-01 -1.079726081584749670e-02 -1.083800000000000041e-02 -1.853114086419820408e-02 1.093943511582472217e-02 9.997684359778608032e-01 3.697480000000000211e-01
9.995490610846294866e-01 -3.810568419695239788e-03 2.978513141073045947e-02 -2.328999999999999907e-03 4.122060011729868252e-03 9.999373853233005649e-01 -1.040355968219272044e-02 -1.185300000000000069e-02 -2.974362294837934809e-02 1.052164441140593203e-02 9.995021820350291630e-01 3.895689999999999986e-01
9.989571571810996753e-01 1.605454801159623534e-03 4.562916426516379353e-02 -1.693000000000000060e-03 -1.112431539930798952e-03 9.999407529886221724e-01 -1.082834283796222687e-02 -1.235200000000000013e-02 -4.564384528854721623e-02 1.076629125692381457e-02 9.988997579135988625e-01 4.083660000000000068e-01
9.978982510362369718e-01 6.790830244605699714e-03 6.444350396594213104e-02 -9.089999999999999773e-04 -6.139354738247204332e-03 9.999280870031381774e-01 -1.030190009864409215e-02 -1.266600000000000018e-02 -6.450882809521045480e-02 9.884606559364416539e-03 9.978681804982806325e-01 4.272589999999999999e-01
9.962241051251533586e-01 4.878178369523681994e-03 8.668180745336584447e-02 1.051000000000000068e-03 -4.063613633121223624e-03 9.999459385812716761e-01 -9.571152441600788360e-03 -1.319700000000000040e-02 -8.672381110068902443e-02 9.182771401639087602e-03 9.961900708687861927e-01 4.451820000000000221e-01
9.934784171511927831e-01 1.671323178579386904e-03 1.140080757384899640e-01 2.864999999999999925e-03 -7.168327423222131765e-04 9.999643564167192133e-01 -8.412612371671315120e-03 -1.352800000000000009e-02 -1.140180722761968829e-01 8.276024101536060690e-03 9.934442040796708229e-01 4.627829999999999999e-01
9.897562277713525258e-01 5.106036599817892615e-04 1.427667638903573621e-01 6.923999999999999599e-03 5.106036599817892615e-04 9.999745488193443332e-01 -7.116248832857638255e-03 -1.376800000000000072e-02 -1.427667638903573621e-01 7.116248832857638255e-03 9.897307765906968591e-01 4.805440000000000267e-01
9.843826864528018028e-01 8.288657873071704398e-04 1.760398806903468449e-01 1.081900000000000049e-02 3.424973357760215543e-04 9.999780058857518084e-01 -6.623476453517120228e-03 -1.335300000000000029e-02 -1.760414988221240817e-01 6.580328735096831368e-03 9.843607519432081565e-01 4.979439999999999977e-01
9.771653990784789912e-01 -1.282316306363250882e-04 2.124800376516477740e-01 1.520099999999999923e-02 1.328220079927423369e-03 9.999839663492616770e-01 -5.504804793798065768e-03 -1.412899999999999920e-02 -2.124759249308401932e-01 5.661325025773464997e-03 9.771499018695833927e-01 5.130730000000000013e-01
9.675723838823810929e-01 -9.426249055395425269e-04 2.525921483468036022e-01 2.014799999999999924e-02 2.306190879927664215e-03 9.999843239759867997e-01 -5.102282422021442616e-03 -1.460299999999999966e-02 -2.525833791677344897e-01 5.519353275175190206e-03 9.675593900674172021e-01 5.280740000000000434e-01
9.547606946629545455e-01 -1.617849215858478641e-03 2.973708097487497426e-01 2.574800000000000005e-02 2.726689134823647928e-03 9.999907910819452184e-01 -3.314048531223313162e-03 -1.572199999999999986e-02 -2.973627096545133908e-01 3.974961033773141347e-03 9.547563137218342266e-01 5.436509999999999954e-01
9.391261261149728146e-01 2.651433964821075812e-04 3.435724799038240018e-01 3.241999999999999743e-02 1.442837201715918474e-03 9.999878406510985807e-01 -4.715588061146821705e-03 -1.613399999999999904e-02 -3.435695525932028760e-01 4.924251103709862895e-03 9.391143243939866769e-01 5.571319999999999606e-01
9.186567129664464648e-01 1.113799137586442625e-04 3.950567444256570804e-01 3.880800000000000222e-02 2.404967931044081283e-03 9.999798536295498863e-01 -5.874390544968991108e-03 -1.718400000000000136e-02 -3.950494397552473114e-01 6.346647110008767252e-03 9.186379375028697059e-01 5.701349999999999474e-01
8.941949495687977478e-01 7.795301844407021442e-04 4.476770984742762249e-01 4.662700000000000178e-02 2.957106038455459447e-03 9.999663829734836140e-01 -7.647773977155583949e-03 -1.728599999999999928e-02 -4.476680105720450276e-01 8.162429516992702680e-03 8.941625842400516833e-01 5.836970000000000214e-01
8.646328199720139107e-01 7.328445037697150360e-04 5.024037714489973938e-01 5.466300000000000325e-02 3.227596406026335928e-03 9.999701976771350198e-01 -7.013300149823792351e-03 -1.817300000000000165e-02 -5.023939383080601173e-01 7.685486092955154044e-03 8.646046865792668124e-01 5.952889999999999571e-01
8.303228697130456970e-01 1.363937768511008265e-03 5.572809629847912394e-01 6.455700000000000327e-02 3.652275626340207963e-03 9.999622106511083519e-01 -7.889116078340908250e-03 -1.837599999999999997e-02 -5.572706639634297243e-01 8.585857179800104183e-03 8.302865108757615520e-01 6.076690000000000147e-01
7.916635174921407003e-01 1.226703369096039317e-03 6.109561115749767568e-01 7.538400000000000656e-02 5.984749644096420441e-03 9.999344348851426645e-01 -9.762617611481231444e-03 -1.832599999999999854e-02 -6.109280300032636779e-01 1.138512756954282792e-02 7.916042704701362620e-01 6.190259999999999652e-01
7.495485904512740882e-01 -3.878149746685995158e-04 6.619492126682028355e-01 8.626100000000000434e-02 8.479265648008743606e-03 9.999234080213462716e-01 -9.015550179928770447e-03 -1.915800000000000142e-02 -6.618950163028717304e-01 1.237043614921226609e-02 7.494944694278267150e-01 6.291550000000000198e-01
7.044859309134315906e-01 -1.356388693835435325e-03 7.097166570926364271e-01 9.794700000000000628e-02 9.573937894183945016e-03 9.999253451822124328e-01 -7.592349796439369289e-03 -1.929099999999999912e-02 -7.096533751474968232e-01 1.214348681163773640e-02 7.044463236257405558e-01 6.390209999999999502e-01
6.569245065641017289e-01 -1.739160726984882895e-03 7.539543540530003751e-01 1.099750000000000033e-01 7.104890108050172966e-03 9.999672174459285356e-01 -3.883885940610760836e-03 -1.975000000000000019e-02 -7.539228828017251471e-01 7.908182687119496429e-03 6.569153274467898207e-01 6.478329999999999922e-01
6.088413759285089544e-01 -1.707556738276869591e-03 7.932901507061999036e-01 1.229760000000000020e-01 7.561759646692952155e-03 9.999647438522012433e-01 -3.651142786470554930e-03 -1.951299999999999910e-02 -7.932559478179318502e-01 8.221636247555296623e-03 6.088328226606112281e-01 6.552299999999999791e-01
5.558013508512820167e-01 -3.931281863149556181e-03 8.313058422835739592e-01 1.359760000000000135e-01 1.053254667191650534e-02 9.999418556659478430e-01 -2.313168377945503881e-03 -2.031000000000000166e-02 -8.312484128420900564e-01 1.004142969169718493e-02 5.558104405615755805e-01 6.637159999999999727e-01
5.050110624760807410e-01 -4.950099841150374519e-03 8.630986752905736026e-01 1.496419999999999972e-01 1.723727502094510311e-02 9.998419582975723863e-01 -4.351410981266074472e-03 -1.974100000000000160e-02 -8.629407297877604854e-01 1.707497991911627322e-02 5.050165759003653054e-01 6.701129999999999587e-01
4.619915427514205697e-01 -7.568014642586108967e-03 8.868520392830653298e-01 1.637979999999999992e-01 1.968559932494265419e-02 9.998047351658602144e-01 -1.722997139285711854e-03 -2.038900000000000087e-02 -8.866658285991290134e-01 1.825422401236961867e-02 4.620503129533904962e-01 6.721570000000000045e-01
4.115411412820673132e-01 -2.495138362462772513e-03 9.113877678117067171e-01 1.775450000000000084e-01 1.429791819087539162e-02 9.998908638851380370e-01 -3.718851225765927235e-03 -2.004099999999999979e-02 -9.112790234432374126e-01 1.456140802204624642e-02 4.115319025649832874e-01 6.778370000000000228e-01
9.997144043438493943e-01 -6.168585480371371887e-03 2.308805536622638224e-02 4.259999999999999898e-03 6.637333229097255524e-03 9.997722804574533662e-01 -2.028134700923980849e-02 7.285999999999999942e-03 -2.295769054213652252e-02 2.042879786171057643e-02 9.995276927944002354e-01 -2.316370000000000096e-01
9.997256695976640684e-01 -3.964171244781324391e-03 2.308399648770376178e-02 4.636999999999999629e-03 4.392923344698934293e-03 9.998182356084720501e-01 -1.855257311667739620e-02 5.759000000000000230e-03 -2.300625506226230271e-02 1.864888980888971051e-02 9.995613693700382552e-01 -1.852509999999999990e-01
9.997005164445158520e-01 -4.607442482286952350e-03 2.403432741602726241e-02 3.557999999999999965e-03 4.972332920734712745e-03 9.998729526993791472e-01 -1.514444999168247825e-02 4.930999999999999620e-03 -2.396149673734426777e-02 1.525942115539154730e-02 9.995964169304073499e-01 -1.402249999999999885e-01
9.997342228791505914e-01 -5.504312642856058237e-03 2.238718710670135892e-02 6.086000000000000264e-03 5.809740228720625642e-03 9.998906254632203838e-01 -1.360088339942243374e-02 4.072000000000000099e-03 -2.230987500403231599e-02 1.372733233733322566e-02 9.996568560382131929e-01 -9.433300000000000018e-02
9.996798336288698072e-01 -6.228479477896272341e-03 2.452419782885392405e-02 4.085000000000000089e-03 6.512462137051230719e-03 9.999124705813342562e-01 -1.151690118243052161e-02 2.252000000000000095e-03 -2.445031845741099316e-02 1.167292676777424362e-02 9.996328949709515355e-01 -4.909299999999999775e-02
9.996838271572028312e-01 -4.456951716396043844e-03 2.474633915805777781e-02 4.472000000000000280e-03 4.624834832205880139e-03 9.999666511997127305e-01 -6.731076526602632060e-03 -2.939999999999999905e-04 -2.471551381425691682e-02 6.843396074309896632e-03 9.996711015664438982e-01 -3.834000000000000168e-03
9.996846615886939569e-01 -2.756088720882880587e-03 2.495959453318389448e-02 4.981000000000000184e-03 2.853383065819740418e-03 9.999884665004095119e-01 -3.863297974411057829e-03 -9.640000000000000131e-04 -2.494865906973788017e-02 3.933299012536119188e-03 9.996809959029430148e-01 4.189299999999999968e-02
9.996920823661252786e-01 -8.933173537775806073e-04 2.479803295799219709e-02 5.878999999999999677e-03 1.119741976398783709e-03 9.999577999022856156e-01 -9.118365669726385264e-03 -1.910999999999999938e-03 -2.478884088428738586e-02 9.143325362579741294e-03 9.996508955475044145e-01 8.688500000000000389e-02
9.997037350831711189e-01 -1.169599286721665840e-03 2.431201551219681206e-02 6.994000000000000217e-03 1.635026616146696525e-03 9.998156130228637029e-01 -1.913286815090112919e-02 -2.635999999999999888e-03 -2.428515490420619233e-02 1.916695054576431773e-02 9.995213150593912355e-01 1.318269999999999997e-01
9.996998012309943338e-01 -4.064264684219192421e-04 2.449780064079702321e-02 7.729999999999999892e-03 9.744449187997002593e-04 9.997308552413985971e-01 -2.317903223609349417e-02 -3.994000000000000154e-03 -2.448178661394414049e-02 2.319594567650566652e-02 9.994311333095251548e-01 1.773409999999999986e-01
9.996925294237543058e-01 -4.406085593498212070e-03 2.440149634917541596e-02 8.449999999999999178e-03 4.972136996503897892e-03 9.997188150731203260e-01 -2.318552657336317782e-02 -5.786999999999999610e-03 -2.429247760159615119e-02 2.329972528891489578e-02 9.994333386141553977e-01 2.219540000000000124e-01
9.996421038996309294e-01 -1.135951754293647656e-02 2.422035243986575895e-02 9.945999999999999980e-03 1.200249003612116269e-02 9.995749294871665303e-01 -2.656878946544032755e-02 -7.243000000000000306e-03 -2.390824845220588038e-02 2.684998513812995174e-02 9.993535280140005694e-01 2.672010000000000218e-01
9.996419847061240871e-01 -1.045654907505674802e-02 2.462849963440871121e-02 1.075100000000000014e-02 1.115095978103107510e-02 9.995392859281473363e-01 -2.822892102456372662e-02 -8.491999999999999549e-03 -2.432197584002927099e-02 2.849344604799774680e-02 9.992980361351396779e-01 3.120669999999999833e-01
9.995428621678147385e-01 -1.707819495454955191e-02 2.494798481776571569e-02 1.171900000000000025e-02 1.763855492854088727e-02 9.995931089041951711e-01 -2.241646741301530146e-02 -1.043099999999999930e-02 -2.455500090421330883e-02 2.284626639826142433e-02 9.994373917571094390e-01 3.563970000000000193e-01
9.994709492146583996e-01 -1.864461754199166904e-02 2.664957621919657529e-02 1.159199999999999987e-02 1.907028462799890967e-02 9.996931553030828921e-01 -1.580884196813014259e-02 -1.149999999999999981e-02 -2.634664912578105547e-02 1.630869329158719100e-02 9.995198250174750498e-01 4.012970000000000148e-01
9.995028376319278207e-01 -1.636179320444199753e-02 2.695123909691961653e-02 1.292899999999999952e-02 1.665313165026602316e-02 9.998049139721673084e-01 -1.062107354960727112e-02 -1.325199999999999989e-02 -2.677220147771118205e-02 1.106461568434867829e-02 9.995803236897946586e-01 4.457889999999999908e-01
9.995303153632429938e-01 -1.463298573791216133e-02 2.692627709598873625e-02 1.445699999999999937e-02 1.484677513263738501e-02 9.998596906596105560e-01 -7.757078201797540200e-03 -1.418499999999999969e-02 -2.680898987311548104e-02 8.153203202543262904e-03 9.996073245727650214e-01 4.907239999999999935e-01
9.995806217317743103e-01 -1.013370573772070030e-02 2.712726794833618393e-02 1.555800000000000065e-02 1.027867521558600492e-02 9.999336004260755972e-01 -5.209949592644673097e-03 -1.541599999999999915e-02 -2.707267061322245899e-02 5.486597029734089498e-03 9.996184110743966400e-01 5.348979999999999846e-01
9.995657205666005352e-01 -6.016449149034197412e-03 2.884740209810568098e-02 1.581199999999999967e-02 6.237891270250229929e-03 9.999517202401371208e-01 -7.592489795263257166e-03 -1.587200000000000069e-02 -2.880032952369195390e-02 7.769139490814050419e-03 9.995549917292690933e-01 5.792969999999999509e-01
9.995552301845822551e-01 -2.977294604699948222e-03 2.967284158087143617e-02 1.623799999999999896e-02 3.388252887045806183e-03 9.998989105241726794e-01 -1.380899978079000619e-02 -1.692000000000000101e-02 -2.962872850832607222e-02 1.390339704565964236e-02 9.994642734973424592e-01 6.221039999999999903e-01
